10,189
10,274
10,282
10,183
10,173
10,291
8,14
0,532
14,5
14,4
14,2
14,0
12,3
12,2
12,1
11,30
11,29
11,27
11,26
11,25
11,24
11,23
11,22
11,21
11,20
11,19
11,18
11,17
11,16
11,15
11,14
11,13
11,12
11,11
11,10
11,9
11,8
11,7
11,6
11,5
11,4
11,3
20,2
11,2
20,1
11,1
10,312
20,3
10,311
10,309
10,308
10,301
10,300
19,2
19,1
10,297
19,3
10,283
10,277
10,270
10,264
10,261
10,254
10,252
10,232
10,226
10,217
10,213
10,208
10,204
10,194
10,179
10,154
10,137
10,124
10,110
10,107
10,106
10,103
10,96
10,88
10,83
10,73
10,64
10,33
18,1
10,23
18,3
10,19
10,3
10,2
14,1
10,1
9,7
9,6
9,5
14,3
9,4
9,3
13,1
9,2
13,3
9,1
8,18
8,17
8,16
8,15
8,13
8,11
8,9
8,8
8,7
8,6
8,5
8,4
